0 0 0 1 2 3 4 5 6 7 8 9 10 11 12 13 14 15
3 0 4 1 2 3 8 5 6 7 12 9 10 11 0 13 14 15 0
0 1 3 0 1 2 4 5 6 7 8 9 10 11 12 13 14 15 1
1 0 12 1 2 3 0 5 6 7 4 9 10 11 8 13 14 15 2
0 3 1 2 3 0 4 5 6 7 8 9 10 11 12 13 14 15 3
2 0 8 1 2 3 12 5 6 7 0 9 10 11 4 13 14 15 0 0
3 1 4 1 2 3 8 5 6 7 12 9 10 11 15 0 13 14 0 1
0 0 0 1 2 3 4 5 6 7 8 9 10 11 12 13 14 15 0 2
3 3 4 1 2 3 8 5 6 7 12 9 10 11 13 14 15 0 0 3
3 1 3 5 1 2 4 9 6 7 8 13 10 11 12 0 14 15 1 0
0 2 2 3 0 1 4 5 6 7 8 9 10 11 12 13 14 15 1 1
1 1 3 13 1 2 4 0 6 7 8 5 10 11 12 9 14 15 1 2
0 0 0 1 2 3 4 5 6 7 8 9 10 11 12 13 14 15 1 3
0 0 0 1 2 3 4 5 6 7 8 9 10 11 12 13 14 15 2 0
1 1 12 1 2 3 7 0 5 6 4 9 10 11 8 13 14 15 2 1
2 0 8 1 2 3 12 5 6 7 0 9 10 11 4 13 14 15 2 2
1 3 12 1 2 3 5 6 7 0 4 9 10 11 8 13 14 15 2 3
3 3 1 2 3 7 4 5 6 11 8 9 10 15 12 13 14 0 3 0
0 0 0 1 2 3 4 5 6 7 8 9 10 11 12 13 14 15 3 1
1 3 1 2 3 15 4 5 6 0 8 9 10 7 12 13 14 11 3 2
0 2 2 3 0 1 4 5 6 7 8 9 10 11 12 13 14 15 3 3
1 0 12 1 2 3 0 5 6 7 4 9 10 11 8 13 14 15 0 0 0
2 1 8 1 2 3 12 5 6 7 11 0 9 10 4 13 14 15 0 0 1
3 0 4 1 2 3 8 5 6 7 12 9 10 11 0 13 14 15 0 0 2
2 3 8 1 2 3 12 5 6 7 9 10 11 0 4 13 14 15 0 0 3
